42 0.697042 0.63325 0.033017 0.0396347 1
42 0.697041 0.633418 0.0329907 0.0397578 1
42 0.698233 0.63182 0.0352491 0.0439919 1
42 0.702873 0.627522 0.0430147 0.0434543 1
42 0.701883 0.622058 0.0393244 0.0418086 1
42 0.701082 0.621228 0.0372574 0.0412529 1
42 0.702347 0.620547 0.0387013 0.0425869 1
42 0.702958 0.618636 0.0378759 0.0444002 1
42 0.702726 0.619842 0.0376231 0.045009 1
42 0.702433 0.618571 0.0359707 0.0461844 1
42 0.702214 0.618903 0.0353091 0.0466041 1
42 0.702183 0.616042 0.0345148 0.0480494 1
42 0.703329 0.611906 0.0351728 0.0505839 1
42 0.704194 0.607948 0.0355068 0.0512593 1
42 0.707529 0.607687 0.0377264 0.0492141 1
42 0.709247 0.607545 0.0386498 0.0450101 1
42 0.710053 0.607546 0.0390753 0.0443896 1
42 0.710224 0.607523 0.0392316 0.043968 1
42 0.710656 0.607638 0.0389245 0.0432798 1
42 0.710736 0.608043 0.0387969 0.0429986 1
42 0.711853 0.604609 0.0389192 0.0446305 1
42 0.712415 0.603974 0.0389153 0.0470604 1
42 0.712535 0.604096 0.0389208 0.0480445 1
42 0.713183 0.602452 0.0387887 0.0481494 1
42 0.714265 0.600214 0.0392777 0.0473603 1
42 0.714537 0.600476 0.0395329 0.0470044 1
42 0.715352 0.600484 0.0394244 0.0496395 1
